# Tabelas de analise - modelo 1

Fonte: `analises-modelo1.ipynb`. Valores extraidos das saidas exibidas no notebook.

## Resumo por modelo

| indice | model | n | f1_mean | f1_median | success_rate | doubt_mean | reasoning_tok_mean | answer_tok_mean | reasoning_ratio_mean | in_tok_mean | out_tok_mean | retrieval_reasoning_overlap_mean | reasoning_answer_overlap_mean | cot_cov_mean | cot_novelty_mean | cot_chunk_max_cov_mean | cot_chunk_entropy_mean | cot_chunks_used_mean |
| --- | --- | --- | --- | --- | --- | --- | --- | --- | --- | --- | --- | --- | --- | --- | --- | --- | --- | --- |
| 0 | original | 50 | 0.655947 | 0.637027 | 0.960000 | 0.300000 | 262.680000 | 35.380000 | 9.821334 | 1793.420000 | 386.880000 | 0.040978 | 0.047076 | 0.173990 | 0.826010 | 0.107323 | 2.018656 | 7.960000 |
| 1 | shuffled | 50 | 0.646959 | 0.647385 | 0.880000 | 0.260000 | 253.220000 | 30.020000 | 10.788014 | 1793.420000 | 360.360000 | 0.028776 | 0.029659 | 0.135159 | 0.864841 | 0.089759 | 1.985982 | 7.860000 |


## Resumo por modelo e sucesso

| indice | model | is_success | n | f1_mean | doubt_mean | retrieval_reasoning_overlap_mean | reasoning_answer_overlap_mean | cot_cov_mean | cot_novelty_mean | cot_chunk_entropy_mean | cot_chunks_used_mean |
| --- | --- | --- | --- | --- | --- | --- | --- | --- | --- | --- | --- |
| 0 | original | 0 | 2 | 0.454719 | 0.500000 | 0.027460 | 0.006198 | 0.117952 | 0.882048 | 2.040850 | 8.000000 |
| 1 | original | 1 | 48 | 0.664332 | 0.291667 | 0.041541 | 0.048780 | 0.176325 | 0.823675 | 2.017731 | 7.958333 |
| 2 | shuffled | 0 | 6 | 0.454875 | 0.666667 | 0.018277 | 0.006482 | 0.084573 | 0.915427 | 1.846034 | 7.166667 |
| 3 | shuffled | 1 | 44 | 0.673152 | 0.204545 | 0.030208 | 0.032820 | 0.142057 | 0.857943 | 2.005066 | 7.954545 |


## Correlacoes: original

| indice | f1_vs_gabarito | doubt_count | reasoning_tok_count | answer_tok_count | reasoning_ratio | retrieval_reasoning_lexical_overlap | reasoning_answer_overlap | cot_cov_overall | cot_novelty | cot_retrieval_jaccard | cot_chunk_max_cov | cot_chunk_entropy | cot_chunks_used |
| --- | --- | --- | --- | --- | --- | --- | --- | --- | --- | --- | --- | --- | --- |
| f1_vs_gabarito | 1.000000 | -0.041939 | -0.372585 | -0.119807 | -0.254583 | -0.040332 | 0.023709 | -0.022279 | 0.022279 | -0.068334 | 0.038466 | -0.102883 | -0.014975 |
| doubt_count | -0.041939 | 1.000000 | 0.155581 | -0.193281 | 0.361525 | -0.257814 | -0.293347 | -0.286224 | 0.286224 | -0.249322 | -0.261371 | 0.068779 | 0.093522 |
| reasoning_tok_count | -0.372585 | 0.155581 | 1.000000 | 0.173780 | 0.487124 | -0.089431 | -0.280185 | -0.198585 | 0.198585 | -0.049780 | -0.252864 | 0.127622 | 0.057398 |
| answer_tok_count | -0.119807 | -0.193281 | 0.173780 | 1.000000 | -0.421977 | -0.167871 | -0.080554 | -0.164784 | 0.164784 | -0.133457 | -0.199679 | -0.060022 | -0.040614 |
| reasoning_ratio | -0.254583 | 0.361525 | 0.487124 | -0.421977 | 1.000000 | 0.000759 | -0.175141 | -0.058918 | 0.058918 | -0.006340 | -0.073751 | 0.170957 | 0.081942 |
| retrieval_reasoning_lexical_overlap | -0.040332 | -0.257814 | -0.089431 | -0.167871 | 0.000759 | 1.000000 | 0.879927 | 0.952602 | -0.952602 | 0.994510 | 0.928604 | 0.380411 | 0.065180 |
| reasoning_answer_overlap | 0.023709 | -0.293347 | -0.280185 | -0.080554 | -0.175141 | 0.879927 | 1.000000 | 0.930031 | -0.930031 | 0.865817 | 0.920437 | 0.338427 | 0.039460 |
| cot_cov_overall | -0.022279 | -0.286224 | -0.198585 | -0.164784 | -0.058918 | 0.952602 | 0.930031 | 1.000000 | -1.000000 | 0.947157 | 0.988763 | 0.398892 | 0.065174 |
| cot_novelty | 0.022279 | 0.286224 | 0.198585 | 0.164784 | 0.058918 | -0.952602 | -0.930031 | -1.000000 | 1.000000 | -0.947157 | -0.988763 | -0.398892 | -0.065174 |
| cot_retrieval_jaccard | -0.068334 | -0.249322 | -0.049780 | -0.133457 | -0.006340 | 0.994510 | 0.865817 | 0.947157 | -0.947157 | 1.000000 | 0.922345 | 0.398008 | 0.075283 |
| cot_chunk_max_cov | 0.038466 | -0.261371 | -0.252864 | -0.199679 | -0.073751 | 0.928604 | 0.920437 | 0.988763 | -0.988763 | 0.922345 | 1.000000 | 0.387771 | 0.069401 |
| cot_chunk_entropy | -0.102883 | 0.068779 | 0.127622 | -0.060022 | 0.170957 | 0.380411 | 0.338427 | 0.398892 | -0.398892 | 0.398008 | 0.387771 | 1.000000 | 0.786683 |
| cot_chunks_used | -0.014975 | 0.093522 | 0.057398 | -0.040614 | 0.081942 | 0.065180 | 0.039460 | 0.065174 | -0.065174 | 0.075283 | 0.069401 | 0.786683 | 1.000000 |


## Correlacoes: shuffled

| indice | f1_vs_gabarito | doubt_count | reasoning_tok_count | answer_tok_count | reasoning_ratio | retrieval_reasoning_lexical_overlap | reasoning_answer_overlap | cot_cov_overall | cot_novelty | cot_retrieval_jaccard | cot_chunk_max_cov | cot_chunk_entropy | cot_chunks_used |
| --- | --- | --- | --- | --- | --- | --- | --- | --- | --- | --- | --- | --- | --- |
| f1_vs_gabarito | 1.000000 | -0.116525 | -0.346432 | 0.086494 | -0.561695 | 0.184109 | 0.301329 | 0.192894 | -0.192894 | 0.154079 | 0.206158 | 0.294957 | 0.274804 |
| doubt_count | -0.116525 | 1.000000 | 0.124823 | -0.331903 | 0.486519 | -0.108408 | -0.059480 | -0.159971 | 0.159971 | -0.140488 | -0.136277 | -0.182146 | -0.176234 |
| reasoning_tok_count | -0.346432 | 0.124823 | 1.000000 | 0.451444 | 0.273943 | -0.083188 | -0.133251 | -0.187932 | 0.187932 | -0.076570 | -0.201297 | 0.129335 | 0.140757 |
| answer_tok_count | 0.086494 | -0.331903 | 0.451444 | 1.000000 | -0.556583 | -0.127086 | -0.171511 | -0.166097 | 0.166097 | -0.113257 | -0.174566 | 0.157205 | 0.183561 |
| reasoning_ratio | -0.561695 | 0.486519 | 0.273943 | -0.556583 | 1.000000 | -0.046849 | -0.082385 | -0.060873 | 0.060873 | -0.031336 | -0.086404 | -0.069045 | -0.100013 |
| retrieval_reasoning_lexical_overlap | 0.184109 | -0.108408 | -0.083188 | -0.127086 | -0.046849 | 1.000000 | 0.941279 | 0.982644 | -0.982644 | 0.990544 | 0.971937 | 0.139200 | 0.095769 |
| reasoning_answer_overlap | 0.301329 | -0.059480 | -0.133251 | -0.171511 | -0.082385 | 0.941279 | 1.000000 | 0.932108 | -0.932108 | 0.925527 | 0.932981 | 0.172458 | 0.119222 |
| cot_cov_overall | 0.192894 | -0.159971 | -0.187932 | -0.166097 | -0.060873 | 0.982644 | 0.932108 | 1.000000 | -1.000000 | 0.986290 | 0.985837 | 0.157986 | 0.111972 |
| cot_novelty | -0.192894 | 0.159971 | 0.187932 | 0.166097 | 0.060873 | -0.982644 | -0.932108 | -1.000000 | 1.000000 | -0.986290 | -0.985837 | -0.157986 | -0.111972 |
| cot_retrieval_jaccard | 0.154079 | -0.140488 | -0.076570 | -0.113257 | -0.031336 | 0.990544 | 0.925527 | 0.986290 | -0.986290 | 1.000000 | 0.982120 | 0.172103 | 0.126195 |
| cot_chunk_max_cov | 0.206158 | -0.136277 | -0.201297 | -0.174566 | -0.086404 | 0.971937 | 0.932981 | 0.985837 | -0.985837 | 0.982120 | 1.000000 | 0.159728 | 0.117145 |
| cot_chunk_entropy | 0.294957 | -0.182146 | 0.129335 | 0.157205 | -0.069045 | 0.139200 | 0.172458 | 0.157986 | -0.157986 | 0.172103 | 0.159728 | 1.000000 | 0.953160 |
| cot_chunks_used | 0.274804 | -0.176234 | 0.140757 | 0.183561 | -0.100013 | 0.095769 | 0.119222 | 0.111972 | -0.111972 | 0.126195 | 0.117145 | 0.953160 | 1.000000 |


## Medias globais: success vs fail

| indice | is_success | cot_cov_overall | cot_novelty | cot_chunk_entropy | cot_chunks_used | retrieval_reasoning_lexical_overlap | doubt_count |
| --- | --- | --- | --- | --- | --- | --- | --- |
| 0 | 0 | 0.092918 | 0.907082 | 1.894738 | 7.375000 | 0.020573 | 0.625000 |
| 1 | 1 | 0.159936 | 0.840064 | 2.011674 | 7.956522 | 0.036121 | 0.250000 |


## Deltas (shuffled - original)

| indice | mean | std | min | 25% | 50% | 75% | max |
| --- | --- | --- | --- | --- | --- | --- | --- |
| f1_vs_gabarito_delta | -0.008988 | 0.109351 | -0.411331 | -0.034783 | 0.000000 | 0.056171 | 0.256068 |
| cot_cov_overall_delta | -0.038831 | 0.194961 | -0.593271 | -0.028153 | -0.003110 | 0.009758 | 0.572136 |
| cot_novelty_delta | 0.038831 | 0.194961 | -0.572136 | -0.009758 | 0.003110 | 0.028153 | 0.593271 |
| cot_chunk_entropy_delta | -0.032674 | 0.167091 | -1.069544 | -0.040779 | -0.007902 | 0.016982 | 0.304126 |
| retrieval_reasoning_lexical_overlap_delta | -0.012202 | 0.058098 | -0.185099 | -0.008255 | -0.001088 | 0.003520 | 0.152804 |
| reasoning_answer_overlap_delta | -0.017417 | 0.073124 | -0.218824 | -0.017110 | -0.003502 | 0.008799 | 0.181034 |
| doubt_count_delta | -0.040000 | 0.637598 | -1.000000 | 0.000000 | 0.000000 | 0.000000 | 1.000000 |
| sent_support_rate_delta | -0.010880 | 0.086080 | -0.333333 | 0.000000 | 0.000000 | 0.000000 | 0.333333 |


## Correlacao dos deltas com Delta F1

| indice | f1_vs_gabarito_delta |
| --- | --- |
| f1_vs_gabarito_delta | 1.000000 |
| cot_chunk_entropy_delta | 0.447735 |
| cot_novelty_delta | 0.064353 |
| reasoning_answer_overlap_delta | -0.001573 |
| cot_cov_overall_delta | -0.064353 |
| retrieval_reasoning_lexical_overlap_delta | -0.085725 |
| sent_support_rate_delta | -0.100769 |
| doubt_count_delta | -0.237681 |


## Suporte de sentencas por modelo e sucesso

| indice | model | is_success | n | f1_mean | sent_support_rate_mean | sent_low_support_rate_mean | sent_mean_max_sim_mean |
| --- | --- | --- | --- | --- | --- | --- | --- |
| 0 | original | 0 | 2 | 0.454719 | 0.000000 | 0.979167 | 0.007314 |
| 1 | original | 1 | 48 | 0.664332 | 0.026699 | 0.889170 | 0.026476 |
| 2 | shuffled | 0 | 6 | 0.454875 | 0.000000 | 1.000000 | 0.004510 |
| 3 | shuffled | 1 | 44 | 0.673152 | 0.016763 | 0.940192 | 0.018278 |
